000000000000000000000000000000000000000000000000000000000000000000000000011111111000000000011111111000000000000000000000000000000000000000000000
000000000000000000000000000000000000000000000000000000000000000000000000011111111000000000011111111000000000000000000000000000000000000000000000
000000000001111110001111110000000000000000000000011000000011000000000000011111111000000000011111111000011110000111100000111111001111111000011000
000000000010000001011111111001101100000010000000111100000111100000000000011111111000000000011111111000001110001100110000110011001100011000011000
000000000010100101011011011011111110000111000000111100001111110000000000011111111000111100011000011000011010001100110000111111001111111011011011
000000000010000001011111111011111110001111100011100111011111111000011000011100111001100110010011001000110010001100110000110000001100011000111100
000000000010000001011111111011111110011111110011100111011111111000111100011000011001000010010111101001111000000111100000110000001100011011100111
000000000010111101011000011011111110001111100011100111001111110000111100011000011001000010010111101011001100000011000000110000001100011000111100
000000000010011001011100111001111100000111000000011000000011000000011000011100111001100110010011001011001100001111110001110000001100111011011011
000000000010000001011111111000111000000010000000011000000011000000000000011111111000111100011000011011001100000011000011110000011100111000011000
000000000001111110001111110000010000000000000000111100000111100000000000011111111000000000011111111001111000000011000011100000011100110000011000
000000000000000000000000000000000000000000000000000000000000000000000000011111111000000000011111111000000000000000000000000000011000000000000000
000000000000000000000000000000000000000000000000000000000000000000000000011111111000000000011111111000000000000000000000000000000000000000000000
000000000000000000000000000000000000000000000000000000000000000000000000011111111000000000011111111000000000000000000000000000000000000000000000
000000000000000000000000000000000000000000000000000000000000000000000000000000000000000000000000000000000000000000000000000000000000000000000000
000000000000000000000000000000000000000000000000000000000000000000000000000000000000000000000000000000000000000000000000000000000000000000000000
000000000000000000000000000000000000000000000001111100000000000000000000000000000000000000000000000000000000000000000000000000000000000000000000
010000000000000010000011000001100110001111111011000110000000000000011000000011000000011000000000000000000000000000000000000000000000000000000000
011000000000000110000111100001100110011011011001100000000000000000111100000111100000011000000000000000000000000000000000000000000010000011111110
011100000000001110001111110001100110011011011000111000000000000001111110001111110000011000000011000000110000000000000000101000000111000011111110
011111000000111110000011000001100110011011011001101100000000000000011000000011000000011000000001100001100000011000000001101100000111000001111100
011111110011111110000011000001100110001111011011000110000000000000011000000011000000011000011111110011111110011000000011111110001111100001111100
011111000000111110000011000001100110000011011011000110000000000000011000000011000000011000000001100001100000011000000001101100001111100000111000
011100000000001110001111110000000000000011011001101100011111110001111110000011000001111110000011000000110000011111110000101000011111110000111000
011000000000000110000111100001100110000011011000111000011111110000111100000011000000111100000000000000000000000000000000000000011111110000010000
010000000000000010000011000001100110000011011000001100011111110000011000000011000000011000000000000000000000000000000000000000000000000000000000
000000000000000000000000000000000000000000000011000110000000000001111110000000000000000000000000000000000000000000000000000000000000000000000000
000000000000000000000000000000000000000000000001111100000000000000000000000000000000000000000000000000000000000000000000000000000000000000000000
000000000000000000000000000000000000000000000000000000000000000000000000000000000000000000000000000000000000000000000000000000000000000000000000
000000000000000000000000000000000000000000000000000000000000000000000000000000000000000000000000000000000000000000000000000000000000000000000000
000000000000000000000000000000000000000011000000000000000000000000000000000000000000000000000000000000000000000000000000000000000000000000000000
000000000000000000001100110000000000000011000000000000000000000000110000000000000000000000000000000000000000000000000000000000000000000000000000
000000000000011000001100110001101100001111100000000000000111000000110000000001100000110000000000000000000000000000000000000000000000000000000010
000000000000111100001100110001101100011000110000000000001101100000110000000011000000011000000000000000000000000000000000000000000000000000000110
000000000000111100000100100011111110011000010011000010001101100001100000000110000000001100001100110000011000000000000000000000000000000000001100
000000000000111100000000000001101100011000000011000110000111000000000000000110000000001100000111100000011000000000000000000000000000000000011000
000000000000011000000000000001101100001111100000001100001110110000000000000110000000001100011111111001111110000000000011111110000000000000110000
000000000000011000000000000001101100000000110000011000011011100000000000000110000000001100000111100000011000000000000000000000000000000001100000
000000000000000000000000000011111110010000110000110000011001100000000000000110000000001100001100110000011000000011000000000000000000000011000000
000000000000011000000000000001101100011000110001100110011001100000000000000011000000011000000000000000000000000011000000000000000011000010000000
000000000000011000000000000001101100001111100011000110001110110000000000000001100000110000000000000000000000000011000000000000000011000000000000
000000000000000000000000000000000000000011000000000000000000000000000000000000000000000000000000000000000000000110000000000000000000000000000000
000000000000000000000000000000000000000011000000000000000000000000000000000000000000000000000000000000000000000000000000000000000000000000000000
000000000000000000000000000000000000000000000000000000000000000000000000000000000000000000000000000000000000000000000000000000000000000000000000
000000000000000000000000000000000000000000000000000000000000000000000000000000000000000000000000000000000000000000000000000000000000000000000000
000000000000000000000000000000000000000000000000000000000000000000000000000000000000000000000000000000000000000000000000000000000000000000000000
000000000000000000000000000000000000000000000000000000000000000000000000000000000000000000000000000000000000000000000000000000000000000000000000
001111100000011000001111100001111100000001100011111110000111000011111110001111100001111100000000000000000000000000110000000000001100000001111100
011000110000111000011000110011000110000011100011000000001100000011000110011000110011000110000011000000011000000001100000000000000110000011000110
011001110001111000000000110000000110000111100011000000011000000000000110011000110011000110000011000000011000000011000000000000000011000011000110
011011110000011000000001100000000110001101100011000000011000000000001100011000110011000110000000000000000000000110000001111110000001100000001100
011110110000011000000011000000111100011001100011111100011111100000011000001111100001111110000000000000000000001100000000000000000000110000011000
011100110000011000000110000000000110011111110000000110011000110000110000011000110000000110000000000000000000000110000000000000000001100000011000
011000110000011000001100000000000110000001100000000110011000110000110000011000110000000110000011000000011000000011000001111110000011000000000000
011000110000011000011000110011000110000001100011000110011000110000110000011000110000001100000011000000011000000001100000000000000110000000011000
001111100001111110011111110001111100000011110001111100001111100000110000001111100001111000000000000000110000000000110000000000001100000000011000
000000000000000000000000000000000000000000000000000000000000000000000000000000000000000000000000000000000000000000000000000000000000000000000000
000000000000000000000000000000000000000000000000000000000000000000000000000000000000000000000000000000000000000000000000000000000000000000000000
000000000000000000000000000000000000000000000000000000000000000000000000000000000000000000000000000000000000000000000000000000000000000000000000
000000000000000000000000000000000000000000000000000000000000000000000000000000000000000000000000000000000000000000000000000000000000000000000000
000000000000000000000000000000000000000000000000000000000000000000000000000000000000000000000000000000000000000000000000000000000000000000000000
000000000000000000000000000000000000000000000000000000000000000000000000000000000000000000000000000000000000000000000000000000000000000000000000
001111100000010000011111100000111100011111000011111110011111110000111100011000110000111100000011110011100110011110000011000110011000110000111000
011000110000111000001100110001100110001101100001100110001100110001100110011000110000011000000001100001100110001100000011101110011100110001101100
011000110001101100001100110011000010001100110001100010001100010011000010011000110000011000000001100001101100001100000011111110011110110011000110
011011110011000110001100110011000000001100110001101000001101000011000000011000110000011000000001100001101100001100000011111110011111110011000110
011011110011000110001111100011000000001100110001111000001111000011000000011111110000011000000001100001111000001100000011010110011011110011000110
011011110011111110001100110011000000001100110001101000001101000011011110011000110000011000000001100001101100001100000011000110011001110011000110
011011100011000110001100110011000010001100110001100010001100000011000110011000110000011000011001100001101100001100010011000110011000110011000110
011000000011000110001100110001100110001101100001100110001100000001100110011000110000011000011001100001100110001100110011000110011000110001101100
001111100011000110011111100000111100011111000011111110011110000000111010011000110000111100001111000011100110011111110011000110011000110000111000
000000000000000000000000000000000000000000000000000000000000000000000000000000000000000000000000000000000000000000000000000000000000000000000000
000000000000000000000000000000000000000000000000000000000000000000000000000000000000000000000000000000000000000000000000000000000000000000000000
000000000000000000000000000000000000000000000000000000000000000000000000000000000000000000000000000000000000000000000000000000000000000000000000
000000000000000000000000000000000000000000000000000000000000000000000000000000000000000000000000000000000000000000000000000000000000000000000000
000000000000000000000000000000000000000000000000000000000000000000000000000000000000000000000000000000000000000000000000000000000010000000000000
000000000000000000000000000000000000000000000000000000000000000000000000000000000000000000000000000000000000000000000000000000000111000000000000
011111100001111100011111100001111100001111110011000110011000110011000110011000110001100110011111110000111100010000000000111100001101100000000000
001100110011000110001100110011000110001111110011000110011000110011000110011000110001100110011000110000110000011000000000001100011000110000000000
001100110011000110001100110011000110001011010011000110011000110011000110001101100001100110010001100000110000011100000000001100000000000000000000
001100110011000110001100110001100000000011000011000110011000110011000110000111000001100110000011000000110000001110000000001100000000000000000000
001111100011000110001111100000111000000011000011000110011000110011010110000111000000111100000110000000110000000111000000001100000000000000000000
001100000011010110001101100000001100000011000011000110011000110011010110000111000000011000001100000000110000000011100000001100000000000000000000
001100000011011110001100110011000110000011000011000110001101100011111110001101100000011000011000010000110000000001110000001100000000000000000000
001100000001111100001100110011000110000011000011000110000111000001111100011000110000011000011000110000110000000000110000001100000000000000000000
011110000000001100011100110001111100000111100001111100000010000001101100011000110000111100011111110000111100000000010000111100000000000000000000
000000000000001110000000000000000000000000000000000000000000000000000000000000000000000000000000000000000000000000000000000000000000000000000000
000000000000000000000000000000000000000000000000000000000000000000000000000000000000000000000000000000000000000000000000000000000000000011111111
000000000000000000000000000000000000000000000000000000000000000000000000000000000000000000000000000000000000000000000000000000000000000000000000
000000000000000000000000000000000000000000000000000000000000000000000000000000000000000000000000000000000000000000000000000000000000000000000000
000110000000000000000000000000000000000000000000000000000000000000000000000000000000000000000000000000000000000000000000000000000000000000000000
000110000000000000000000000000000000000000000000000000000000000000000000000000000000000000000000000000000000000000000000000000000000000000000000
000011000000000000011100000000000000000011100000000000000111000000000000011100000000011000000000110011100000000111000000000000000000000000000000
000000000000000000001100000000000000000001100000000000001101100000000000001100000000011000000000110001100000000011000000000000000000000000000000
000000000000000000001100000000000000000001100000000000001100100000000000001100000000000000000000000001100000000011000000000000000000000000000000
000000000001111000001111000001111100000111100001111100001100000001110110001101100000111000000001110001100110000011000011101100011011100001111100
000000000000001100001101100011000110001101100011000110011110000011001100001110110000011000000000110001101100000011000011111110001100110011000110
000000000001111100001100110011000000011001100011111110001100000011001100001100110000011000000000110001111000000011000011010110001100110011000110
000000000011001100001100110011000000011001100011000000001100000011001100001100110000011000000000110001101100000011000011010110001100110011000110
000000000011001100001100110011000110011001100011000110001100000001111100001100110000011000000000110001100110000011000011010110001100110011000110
000000000001110110001111100001111100001110110001111100011110000000001100011100110000111100001100110011100110000111100011000110001100110001111100
000000000000000000000000000000000000000000000000000000000000000011001100000000000000000000001100110000000000000000000000000000000000000000000000
000000000000000000000000000000000000000000000000000000000000000001111000000000000000000000000111100000000000000000000000000000000000000000000000
000000000000000000000000000000000000000000000000000000000000000000000000000000000000000000000000000000000000000000000000000000000000000000000000
000000000000000000000000000000000000000000000000000000000000000000000000000000000000000000000000000000000000000000000000000000000000000000000000
000000000000000000000000000000000000000000000000000000000000000000000000000000000000000000000000000000000000000000000000000000000000000000000000
000000000000000000000000000000000000000000000000000000000000000000000000000000000000000000000000000000000000000000000000000000000000000000000000
000000000000000000000000000000000000000010000000000000000000000000000000000000000000000000000000000000001110000011000001110000001110110000000000
000000000000000000000000000000000000000110000000000000000000000000000000000000000000000000000000000000011000000011000000011000011011100000000000
000000000000000000000000000000000000000110000000000000000000000000000000000000000000000000000000000000011000000011000000011000000000000000010000
011011100001110110011011100001111100011111100011001100001100110011000110011000110011000110011111110000011000000011000000011000000000000000111000
001100110011001100001110110011000110000110000011001100001100110011000110001101100011000110011001100001110000000000000000001110000000000001101100
001100110011001100001100110001110000000110000011001100001100110011010110000111000011000110000011000000011000000011000000011000000000000011000110
001100110011001100001100000000011100000110000011001100001100110011010110000111000011000110000110000000011000000011000000011000000000000011000110
001111100001111100001100000011000110000110110011001100000111100011111110001101100001111110001100110000011000000011000000011000000000000011111110
001100000000001100011110000001111100000011100001110110000011000001101100011000110000000110011111110000001110000011000001110000000000000000000000
001100000000001100000000000000000000000000000000000000000000000000000000000000000000001100000000000000000000000000000000000000000000000000000000
011110000000011110000000000000000000000000000000000000000000000000000000000000000011111000000000000000000000000000000000000000000000000000000000
000000000000000000000000000000000000000000000000000000000000000000000000000000000000000000000000000000000000000000000000000000000000000000000000
000000000000000000000000000000000000000000000000000000000000000000000000000000000000000000000000000000000000000000000000000000000000000000000000
000000000000000000000000000000000000000000000000000000000000000000000000000000000000000000000000000000000000000000000000000000000000000000111000
000000000000000000000001100000010000000000000001100000000111000000000000000010000000000000001100000000000000000011000001100000011000110001101100
000111100011001100000011000000111000011001100000110000001101100000000000000111000011001100000110000001100110000111100000110000011000110000111000
001100110011001100000110000001101100011001100000011000000111000000000000001101100011001100000011000001100110001100110000011000000010000000000000
011000010000000000000000000000000000000000000000000000000000000000111100000000000000000000000000000000000000000000000000000000000111000000111000
011000000011001100001111100001111000001111000001111000001111000001100110001111100001111100001111100000111000000111000000111000001101100001101100
011000000011001100011000110000001100000001100000001100000001100001100000011000110011000110011000110000011000000011000000011000011000110011000110
011000010011001100011111110001111100001111100001111100001111100001100110011111110011111110011111110000011000000011000000011000011000110011000110
001100110011001100011000000011001100011001100011001100011001100000111100011000000011000000011000000000011000000011000000011000011111110011111110
000111100011001100011000110011001100011001100011001100011001100000001100011000110011000110011000110000011000000011000000011000011000110011000110
000001100001110110001111100001110110001110110001110110001110110000000110001111100001111100001111100000111100000111100000111100011000110011000110
000000110000000000000000000000000000000000000000000000000000000000111100000000000000000000000000000000000000000000000000000000000000000000000000
001111100000000000000000000000000000000000000000000000000000000000000000000000000000000000000000000000000000000000000000000000000000000000000000
000000000000000000000000000000000000000000000000000000000000000000000000000000000000000000000000000000000000000000000000000000000000000000000000
000000000000000000000000000000000000000000000000000000000000000000000000000000000000000000000000000000000000000000000000000000000000000000000000
000011000000000000000000000000000000000000000000000000000000000000000000000000000000000000000000000000000000000000000000000000000000000000000000
000110000000000000000000000000010000000000000001100000000110000001100000000000000011000110011000110000011000000111000000000000011111000000001110
001100000000000000000111110000111000011000110000110000001111000000110000011000110011000110011000110000011000001101100001100110011001100000011011
000000000000000000001101100001101100011000110000011000011001100000011000011000110000111000000000000000111100001100100001100110011001100000011000
011111110011001100011001100000000000000000000000000000000000000000000000000000000001101100011000110001100110001100000000111100011111000000011000
001100110001110110011001100001111100001111100001111100011001100011001100011000110011000110011000110001100000011110000000011000011000100000011000
001100000000110110011111110011000110011000110011000110011001100011001100011000110011000110011000110001100000001100000001111110011001100001111110
001111100001111110011001100011000110011000110011000110011001100011001100011000110011000110011000110001100110001100000000011000011011110000011000
001100000011011000011001100011000110011000110011000110011001100011001100011000110011000110011000110000111100001100000001111110011001100000011000
001100110011011000011001100011000110011000110011000110011001100011001100001111110001101100011000110000011000011100110000011000011001100000011000
011111110001101110011001110001111100001111100001111100001110110001110110000000110000111000001111100000011000011111100000011000011000110000011000
000000000000000000000000000000000000000000000000000000000000000000000000000001100000000000000000000000000000000000000000000000000000000011011000
000000000000000000000000000000000000000000000000000000000000000000000000001111000000000000000000000000000000000000000000000000000000000001110000
000000000000000000000000000000000000000000000000000000000000000000000000000000000000000000000000000000000000000000000000000000000000000000000000
000000000000000000000000000000000000000000000000000000000000000000000000000000000000000000000000000000000000000000000000000000000000000000000000
000000000000000000000000000000000000000000000001110110000000000000000000000000000000000000000000000000000000000000000000000000000000000000000000
000011000000001100000011000000011000000000000011011100000111100000111000000000000000000000000000000011000000011000000000000000000000000000000000
000110000000011000000110000000110000001110110000000000001101100001101100000110000000000000000000000011000000011000000000011000000000000000000000
001100000000110000001100000001100000011011100011000110001101100001101100000110000000000000000000000011000110011000110000011000000000000000000000
000000000000000000000000000000000000000000000011100110000111110000111000000000000000000000000000000011001100011001100000000000000110110011011000
001111000000111000001111100011001100011011100011110110000000000000000000000110000000000000000000000011011000011011000000011000001101100001101100
000001100000011000011000110011001100001100110011111110001111110001111100000110000011111110011111110000110000000110000000011000011011000000110110
001111100000011000011000110011001100001100110011011110000000000000000000001100000011000000000000110001100000001100110000111100001101100001101100
011001100000011000011000110011001100001100110011001110000000000000000000011000110011000000000000110011011100011001110000111100000110110011011000
011001100000011000011000110011001100001100110011000110000000000000000000011000110011000000000000110010000110010011110000111100000000000000000000
001110110000111100001111100001110110001100110011000110000000000000000000001111100000000000000000000000001100000111110000011000000000000000000000
000000000000000000000000000000000000000000000000000000000000000000000000000000000000000000000000000000011000000000110000000000000000000000000000
000000000000000000000000000000000000000000000000000000000000000000000000000000000000000000000000000000111110000000110000000000000000000000000000
000000000000000000000000000000000000000000000000000000000000000000000000000000000000000000000000000000000000000000000000000000000000000000000000
000000000000000000000000000000000000000000000000000000000000000000000000000000000000000000000000000000000000000000000000000000000000000000000000
000010001001010101011011101000011000000011000000011000000110110000000000000000000000110110000110110000000000000110110000110110000011000000000000
001000100010101010001110111000011000000011000000011000000110110000000000000000000000110110000110110000000000000110110000110110000011000000000000
000010001001010101011011101000011000000011000000011000000110110000000000000000000000110110000110110000000000000110110000110110000011000000000000
001000100010101010001110111000011000000011000000011000000110110000000000000000000000110110000110110000000000000110110000110110000011000000000000
000010001001010101011011101000011000000011000000011000000110110000000000000000000000110110000110110000000000000110110000110110000011000000000000
001000100010101010001110111000011000000011000011111000000110110000000000011111000011110110000110110011111110011110110000110110011111000000000000
000010001001010101011011101000011000000011000000011000000110110000000000000011000000000110000110110000000110000000110000110110000011000000000000
001000100010101010001110111000011000011111000011111000011110110011111110011111000011110110000110110011110110011111110011111110011111000011111000
000010001001010101011011101000011000000011000000011000000110110000110110000011000000110110000110110000110110000000000000000000000000000000011000
001000100010101010001110111000011000000011000000011000000110110000110110000011000000110110000110110000110110000000000000000000000000000000011000
000010001001010101011011101000011000000011000000011000000110110000110110000011000000110110000110110000110110000000000000000000000000000000011000
001000100010101010001110111000011000000011000000011000000110110000110110000011000000110110000110110000110110000000000000000000000000000000011000
000010001001010101011011101000011000000011000000011000000110110000110110000011000000110110000110110000110110000000000000000000000000000000011000
001000100010101010001110111000011000000011000000011000000110110000110110000011000000110110000110110000110110000000000000000000000000000000011000
000000000000000000000000000000000000000000000000000000000000000000000000000000000000000000000000000000000000000000000000000000000000000000000000
000011000000011000000000000000011000000000000000011000000011000000110110000110110000000000000110110000000000000110110000000000000110110000011000
000011000000011000000000000000011000000000000000011000000011000000110110000110110000000000000110110000000000000110110000000000000110110000011000
000011000000011000000000000000011000000000000000011000000011000000110110000110110000000000000110110000000000000110110000000000000110110000011000
000011000000011000000000000000011000000000000000011000000011000000110110000110110000000000000110110000000000000110110000000000000110110000011000
000011000000011000000000000000011000000000000000011000000011000000110110000110110000000000000110110000000000000110110000000000000110110000011000
000011000000011000000000000000011000000000000000011000000011111000110110000110111000111111011110111011111111000110111011111111011110111011111111
000011000000011000000000000000011000000000000000011000000011000000110110000110000000110000000000000000000000000110000000000000000000000000000000
000011111011111111011111111000011111011111111011111111000011111000110111000111111000110111011111111011110111000110111011111111011110111011111111
000000000000000000000011000000011000000000000000011000000011000000110110000000000000110110000000000000110110000110110000000000000110110000000000
000000000000000000000011000000011000000000000000011000000011000000110110000000000000110110000000000000110110000110110000000000000110110000000000
000000000000000000000011000000011000000000000000011000000011000000110110000000000000110110000000000000110110000110110000000000000110110000000000
000000000000000000000011000000011000000000000000011000000011000000110110000000000000110110000000000000110110000110110000000000000110110000000000
000000000000000000000011000000011000000000000000011000000011000000110110000000000000110110000000000000110110000110110000000000000110110000000000
000000000000000000000011000000011000000000000000011000000011000000110110000000000000110110000000000000110110000110110000000000000110110000000000
000000000000000000000000000000000000000000000000000000000000000000000000000000000000000000000000000000000000000000000000000000000000000000000000
000110110000000000000000000000110110000011000000000000000000000000110110000011000000011000000000000011111111000000000011110000000001111011111111
000110110000000000000000000000110110000011000000000000000000000000110110000011000000011000000000000011111111000000000011110000000001111011111111
000110110000000000000000000000110110000011000000000000000000000000110110000011000000011000000000000011111111000000000011110000000001111011111111
000110110000000000000000000000110110000011000000000000000000000000110110000011000000011000000000000011111111000000000011110000000001111011111111
000110110000000000000000000000110110000011000000000000000000000000110110000011000000011000000000000011111111000000000011110000000001111011111111
000110110011111111000000000000110110000011111000011111000000000000110110011111111000011000000000000011111111000000000011110000000001111011111111
000110110000000000000000000000110110000011000000011000000000000000110110000011000000011000000000000011111111000000000011110000000001111011111111
011111111011111111011111111000111111000011111000011111000111111011111111011111111011111000000011111011111111011111111011110000000001111000000000
000000000000011000000110110000000000000000000000011000000110110000110110000011000000000000000011000011111111011111111011110000000001111000000000
000000000000011000000110110000000000000000000000011000000110110000110110000011000000000000000011000011111111011111111011110000000001111000000000
000000000000011000000110110000000000000000000000011000000110110000110110000011000000000000000011000011111111011111111011110000000001111000000000
000000000000011000000110110000000000000000000000011000000110110000110110000011000000000000000011000011111111011111111011110000000001111000000000
000000000000011000000110110000000000000000000000011000000110110000110110000011000000000000000011000011111111011111111011110000000001111000000000
000000000000011000000110110000000000000000000000011000000110110000110110000011000000000000000011000011111111011111111011110000000001111000000000
000000000000000000000000000000000000000000000000000000000000000000000000000000000000000000000000000000000000000000000000000000000000000000000000
000000000000000000000000000000000000000000000000000000000000000000000000000000000000000000000000000000000000000000000000000000000000000000000000
000000000000000000000000000000000000000000000000000000000000000000000000000000000000000000000000000000000000000000000000000000000000000000000000
000000000000000000011111110000000000011111110000000000000000000000000000001111110000111000000111000000011110000000000000000011000011100000000000
000000000000000000011000110000000000011000110000000000000000000000000000000011000001101100001101100000110000000000000000000110000110000001111100
000000000001111100011000110011111110001100000000000000001100110001110110000111100011000110011000110000011000000000000001111110001100000011000110
001110110011000110011000000001101100000110000001111110001100110011011100001100110011000110011000110000001100001111110011011011001100000011000110
011011100011111100011000000001101100000011000011011000001100110000011000001100110011111110011000110000111110011011011011011011001111100011000110
011011000011000110011000000001101100000110000011011000001100110000011000001100110011000110001101100001100110011011011011110011001100000011000110
011011000011000110011000000001101100001100000011011000001111100000011000000111100011000110001101100001100110001111110001111110001100000011000110
011011100011111100011000000001101100011000110011011000001100000000011000000011000001101100001101100001100110000000000001100000000110000011000110
001110110011000000011000000001101100011111110001110000001100000000011000001111110000111000011101110000111100000000000011000000000011100011000110
000000000011000000000000000000000000000000000000000000011000000000000000000000000000000000000000000000000000000000000000000000000000000000000000
000000000001000000000000000000000000000000000000000000000000000000000000000000000000000000000000000000000000000000000000000000000000000000000000
000000000000000000000000000000000000000000000000000000000000000000000000000000000000000000000000000000000000000000000000000000000000000000000000
000000000000000000000000000000000000000000000000000000000000000000000000000000000000000000000000000000000000000000000000000000000000000000000000
000000000000000000000000000000000000000000000000011000000000000000000000000000000000000000000000000000000000000000000000000000000000000000000000
000000000000000000000000000000000000000000000000011000000000000000000000000111000000000000000000000000001111011011000001110000000000000000000000
000000000000000000000110000000001100000001110000011000000000000000000000001101100000000000000000000000001100001101100011011000000000000000000000
011111110000011000000011000000011000000011011000011000000011000000000000001101100000000000000000000000001100001101100000110000000000000000000000
000000000000011000000001100000110000000011011000011000000011000001110110000111000000000000000000000000001100001101100001100000001111100000000000
000000000001111110000000110001100000000011000000011000000000000011011100000000000000000000000000000000001100001101100011001000001111100000000000
011111110000011000000001100000110000000011000000011000001111110000000000000000000000011000000000000000001100001101100011111000001111100000000000
000000000000011000000011000000011000000011000000011000000000000001110110000000000000011000000011000011101100000000000000000000001111100000000000
000000000000000000000110000000001100000011000011011000000011000011011100000000000000000000000000000001101100000000000000000000001111100000000000
011111110000000000000000000000000000000011000011011000000011000000000000000000000000000000000000000000111100000000000000000000001111100000000000
000000000011111111001111110001111110000011000001110000000000000000000000000000000000000000000000000000011100000000000000000000000000000000000000
000000000000000000000000000000000000000011000000000000000000000000000000000000000000000000000000000000000000000000000000000000000000000000000000
000000000000000000000000000000000000000011000000000000000000000000000000000000000000000000000000000000000000000000000000000000000000000000000000
000000000000000000000000000000000000000011000000000000000000000000000000000000000000000000000000000000000000000000000000000000000000000000000000
000000000000000000000000000000000000000000000000000000000000000000000000000000000000000000000000000000000000000000000000000000000000000000000000
000000000000000000000000000000000000000000000000000000000000000000000000000000000000000000000000000000000000000000000000000000000000000000000000
000000000000000000000000000000000000000000000000000000000000000000000000000000000000000000000000000000000000000000000000000000000000000000000000
000000000000000000000000000000000000000000000000000000000000000000000000000000000000000000000000000000000000000000000000000000000000000000000000
000000000000000000000000000000000000000000000000000000000000000000000000000000000000000000000000000000000000000000000000000000000000000000000000
000000000000000000000000000000000000000000000000000000000000000000000000000000000000000000000000000000000000000000000000000000000000000000000000
000000000000000000000000000000000000000000000000000000000000000000000000000000000000000000000000000000000000000000000000000000000000000000000000
000000000000000000000000000000000000000000000000000000000000000000000000000000000000000000000000000000000000000000000000000000000000000000000000
000000000000000000000000000000000000000000000000000000000000000000000000000000000000000000000000000000000000000000000000000000000000000000000000
000000000000000000000000000000000000000000000000000000000000000000000000000000000000000000000000000000000000000000000000000000000000000000000000
000000000000000000000000000000000000000000000000000000000000000000000000000000000000000000000000000000000000000000000000000000000000000000000000
000000000000000000000000000000000000000000000000000000000000000000000000000000000000000000000000000000000000000000000000000000000000000000000000
000000000000000000000000000000000000000000000000000000000000000000000000000000000000000000000000000000000000000000000000000000000000000000000000
000000000000000000000000000000000000000000000000000000000000000000000000000000000000000000000000000000000000000000000000000000000000000000000000
000000000000000000000000000000000000000000000000000000000000000000000000000000000000000000000000000000000000000000000000000000000000000000000000
000000000000000000000000000000000000000000000000000000000000000000000000000000000000000000000000000000000000000000000000000000000000000000000000
000000000000000000000000000000000000000000000000000000000000000000000000000000000000000000000000000000000000000000000000000000000000000000000000
000000000000000000000000000000000000000000000000000000000000000000000000000000000000000000000000000000000000000000000000000000000000000000000000
000000000000000000000000000000000000000000000000000000000000000000000000000000000000000000000000000000000000000000000000000000000000000000000000
000000000000000000000000000000000000000000000000000000000000000000000000000000000000000000000000000000000000000000000000000000000000000000000000
000000000000000000000000000000000000000000000000000000000000000000000000000000000000000000000000000000000000000000000000000000000000000000000000
000000000000000000000000000000000000000000000000000000000000000000000000000000000000000000000000000000000000000000000000000000000000000000000000
000000000000000000000000000000000000000000000000000000000000000000000000000000000000000000000000000000000000000000000000000000000000000000000000
000000000000000000000000000000000000000000000000000000000000000000000000000000000000000000000000000000000000000000000000000000000000000000000000
000000000000000000000000000000000000000000000000000000000000000000000000000000000000000000000000000000000000000000000000000000000000000000000000
000000000000000000000000000000000000000000000000000000000000000000000000000000000000000000000000000000000000000000000000000000000000000000000000
000000000000000000000000000000000000000000000000000000000000000000000000000000000000000000000000000000000000000000000000000000000000000000000000
000000000000000000000000000000000000000000000000000000000000000000000000000000000000000000000000000000000000000000000000000000000000000000000000
000000000000000000000000000000000000000000000000000000000000000000000000000000000000000000000000000000000000000000000000000000000000000000000000
000000000000000000000000000000000000000000000000000000000000000000000000000000000000000000000000000000000000000000000000000000000000000000000000
000000000000000000000000000000000000000000000000000000000000000000000000000000000000000000000000000000000000000000000000000000000000000000000000
000000000000000000000000000000000000000000000000000000000000000000000000000000000000000000000000000000000000000000000000000000000000000000000000
000000000000000000000000000000000000000000000000000000000000000000000000000000000000000000000000000000000000000000000000000000000000000000000000
000000000000000000000000000000000000000000000000000000000000000000000000000000000000000000000000000000000000000000000000000000000000000000000000
000000000000000000000000000000000000000000000000000000000000000000000000000000000000000000000000000000000000000000000000000000000000000000000000
000000000000000000000000000000000000000000000000000000000000000000000000000000000000000000000000000000000000000000000000000000000000000000000000
000000000000000000000000000000000000000000000000000000000000000000000000000000000000000000000000000000000000000000000000000000000000000000000000
000000000000000000000000000000000000000000000000000000000000000000000000000000000000000000000000000000000000000000000000000000000000000000000000
000000000000000000000000000000000000000000000000000000000000000000000000000000000000000000000000000000000000000000000000000000000000000000000000
000000000000000000000000000000000000000000000000000000000000000000000000000000000000000000000000000000000000000000000000000000000000000000000000
000000000000000000000000000000000000000000000000000000000000000000000000000000000000000000000000000000000000000000000000000000000000000000000000
000000000000000000000000000000000000000000000000000000000000000000000000000000000000000000000000000000000000000000000000000000000000000000000000
000000000000000000000000000000000000000000000000000000000000000000000000000000000000000000000000000000000000000000000000000000000000000000000000
000000000000000000000000000000000000000000000000000000000000000000000000000000000000000000000000000000000000000000000000000000000000000000000000
000000000000000000000000000000000000000000000000000000000000000000000000000000000000000000000000000000000000000000000000000000000000000000000000
000000000000000000000000000000000000000000000000000000000000000000000000000000000000000000000000000000000000000000000000000000000000000000000000
000000000000000000000000000000000000000000000000000000000000000000000000000000000000000000000000000000000000000000000000000000000000000000000000
000000000000000000000000000000000000000000000000000000000000000000000000000000000000000000000000000000000000000000000000000000000000000000000000
000000000000000000000000000000000000000000000000000000000000000000000000000000000000000000000000000000000000000000000000000000000000000000000000
